mnssx 6661666666.

621. 2261 pro Plano. 111.
2661 66 1166166. cunt. 66
1. 621 pro Balbo 21126,
181. 2111 in 61666. 16 1.
618, 171. 668, 661118,
86 p. 862, Philipp. 11, 7
1668, 6,171.816,61,16
1. 118, xm, 111. 7161 Act·
demic. 1, 7 p. 11 61816, 16
1816,161766111,6126,
661. LXVI, 66 1. 168,66 p· 666,
611. 66118 1118, 661661,
681. 666, 871. 618,881
211121 p. 176, 16618261
666661. 1, 221. 661, 11
1118, 6661711818, 11,
7 p. 618, 16 1621261718,
271. 766,661786,111,6
1.166,61861, 121768,
16, 6 166, 16 6118 1. 228,
661.866,6,111781,86
1666, 611. 61, 681666
(uid. 666111), 116 1. 2761
11116611. Ρ. 1, 18 p. 626,
171. 662, 661. 118, 661
661, 111, 61. 1181 6616111
166 6166 p. 176, 161. 676,
11, 12 1. 662, 22 p. 716, 16
p. 817, 66 p. 126, 66 1. 866,
111, 181. 171616261 66
6616661661 1, 21. 261, 6
1.128,611,211176,18
p. 118, 66 1. 671, ’ 68 1. 66,
661116, 68 1. 118, 82 1261,
88 1. 661, 8616611, 6 p. 861,
26111161 661,,68 1666 1²¹
1662,1221.868,12716666
166162, 187 1 261, 111,

16 p. 611, 61 61 661671,
81 p. 161116 11161661. 1, 16
1866, 661 766,721. 261,
861. 661, 1111. 862,111
1861, 1181266, 1261.
861,11, 11 p. 1811211166,
26 p. 816, 61 p. 667, 171. 618,
661. 661671 61,86 p. 8,
12-1128,1121. 81166616
1 p. 762, 22 p. 12, 66 p. 118,
661. 116, 66 1. 2171 1601116116
1,6 p. 867,17 p. 111611, 26 p.
66127 p. 666, 61 1661, 661.
118, 1121168,1111.66»
166 p. 168, 11, 18 p. 186,
661862, 661166, 811.
66,111, 26 p. 116, 171. 661
661666 261766, 66 p. 2861
161. 73 p. 866, 671821
66116611612 p. 261, 661.
1181 Timaei init. p. 7111
Epist. 61 famil. 1, 6 p. 118,
8 1. 818, 16, 61 116,
61,61. 826, 6111, 81. 8261
Epist. 61 111. (cfr. p. 266)
1,61816,16127, 261.
671,11,61626,161861,
611,61118, 111, 161866,
Χ, 71666, xl, 61.
626, XII, 66 1. 286, 62 1661.
111116, xm, 681116,
XVI, 8 p. 1261 11161 61
Q. 6661666611, 11 1. 618, 111,
1, 6 p. 662.
Cum· 166116666666 emen·
16166 strom. 11 (p. 186 sylb.)
1510, 66446661·

,,.

 

