111 nt: FINIBUS 11011.

putant uoluptatem 1111 ponendam. 11111111 111 11111-
111111111111111111, 11, si uoluptatem 111111 1111111111
111 rebus 1111111111,11111 11111111 adpetuntur, 111111111111
sequantur. 81111 11111111111131111111111111111, 1111·
obrem illa, quae 11111111111 ascita 11111111, 1111111111,

11) namn 11111111)11111111111Β 111) 1111111 11111111111111111111 μὴ) ’
natura 1111111 1111111111 111111) 1111111 13 1 11 111 tt

1111111,11111111 11111111 111. 01111111111111111111111, 111-Ην '
1111 11111111 1111111111111111111111 concedebant Stoici, 11 aptat
notione 11111 11111111· 111111 1111111111 1111111111111111.

811111 -· 111111111111111111, quamtum 811.) Singulatim 111
1111111111 11111111 1111111111, 11111 111111 11111111 11111111 1111
1111111 111 1 1111111111111 1111111111 11111111111111 1111 11111 1111·
1111111, 1111111111 11111111 11111111111 11 11111, 111 1111 quotu·
111111 11111111 1111111111 11111111 111 Cicero loquitur (11, p
11111111 111111 accita natura), 1111111 hoc genus 11111 1111111111 11 111
1111 111 1111111111 1111111 1111111 11111 111111111111111111, 1111-
11111 1111111, 1111 diligerentur, 1111111 1111 11111111 1111111111 1111·
1111111111 itaquo tautologia 1111111111 oritur, 111111 11 11111111 Ι
1111111 1111111111, 11, 11111811111111111111111111,1111111ῌ1
illum locum 1111 111111. 111111 abominati· 11111111111 11111
parto 11 111118111111 1111111111, 1111111111 0111111111, 1111
1111111111 hec reddentem, 1111111111 1111111. 11 111111111111
111111Ιί1 quedam 1111111111 111111111ιί1 111111111111111 11 111111 ·1
1, 11 11 1111111 adducor. 11111 111111111111111111111 1111111111 1
menn 11, ma ο- attigi, 11 11, quot 1111111111 (11 1 111111 j
1111111 1111111111111111 11, quamobrem 11111 - 111111 mm*
1111, 1111 1111111111 (11 V 11 11111. 1781 1111111 11111 1111111111·-
obrem 11111111111 m 1111111111)1 (11111111111111111111 11111Ἰ.
1111111 1111111 11111111.

1111111 11111 1111111 natum, 1111111111111111111ι“ 11111 nm
11111111 111111 1111111, natura diligatam 111 11111111 1111111111 11111
1111111111, 111 111111111111 111111, 11111 11111111. 1111111111*
1111 nomn 111111 11111 1111111111 111111 81111. et 01. ξ, 11 nt, 11·
111111, 11111111 (11111 1111111111111111111 1111111111111 811111ϋῦ
1111111111. ,411111111111 11111111, 111111,11111111 ugo (mt- uf
111111 11111111, 11 11111111111111111, 111 111111111111111111111111111111111
1111 1111111111 1111111 111 11,11 1111111 111111 1111111 1111 td ΙΙΙ -
11111111. nitentium 1111111111 111111111011111 um 11111111111111 ³
111111 11 111111 1111 (prim 1111111111) 11 111111 11111111 Ut

 

